[set]

fx=100.0
music=100.0
text_speed=54.0
