[set]

fx=100.0
music=28.0
text_speed=100.0
